Page
https://khirin-ld.rekihaku.ac.jp/rdf/nmjh_rekimin_h/11148062
https://khirin-ld.rekihaku.ac.jp/rdf/nmjh_rekimin_h/11148063
https://khirin-ld.rekihaku.ac.jp/rdf/nmjh_rekimin_h/11148064
https://khirin-ld.rekihaku.ac.jp/rdf/nmjh_rekimin_h/11148065
https://khirin-ld.rekihaku.ac.jp/rdf/nmjh_rekimin_h/11148066
https://khirin-ld.rekihaku.ac.jp/rdf/nmjh_rekimin_h/11148067
https://khirin-ld.rekihaku.ac.jp/rdf/nmjh_rekimin_h/11148068
https://khirin-ld.rekihaku.ac.jp/rdf/nmjh_rekimin_h/11148069
https://khirin-ld.rekihaku.ac.jp/rdf/nmjh_rekimin_h/11148070
https://khirin-ld.rekihaku.ac.jp/rdf/nmjh_rekimin_h/11148071
