Page
https://khirin-ld.rekihaku.ac.jp/rdf/nmjh_rekimin_h/12847263
https://khirin-ld.rekihaku.ac.jp/rdf/nmjh_rekimin_h/12847264
https://khirin-ld.rekihaku.ac.jp/rdf/nmjh_rekimin_h/12847265
https://khirin-ld.rekihaku.ac.jp/rdf/nmjh_rekimin_h/12847266
https://khirin-ld.rekihaku.ac.jp/rdf/nmjh_rekimin_h/12847267
https://khirin-ld.rekihaku.ac.jp/rdf/nmjh_rekimin_h/12847268
https://khirin-ld.rekihaku.ac.jp/rdf/nmjh_rekimin_h/12847269
https://khirin-ld.rekihaku.ac.jp/rdf/nmjh_rekimin_h/12847270
https://khirin-ld.rekihaku.ac.jp/rdf/nmjh_rekimin_h/12847271
https://khirin-ld.rekihaku.ac.jp/rdf/nmjh_rekimin_h/12847272
